{
  "timestamp": "2025-05-25T15:07:22.871960",
  "checkerboard_size": [
    7,
    4
  ],
  "square_size": 0.025,
  "cameras": {
    "rgb_cam_0": {
      "type": "rgb",
      "model": "Unknown",
      "id": 0
    },
    "rgb_cam_1": {
      "type": "rgb",
      "model": "Unknown",
      "id": 1
    },
    "rgb_cam_3": {
      "type": "rgb",
      "model": "Unknown",
      "id": 3
    },
    "rs_230322270171": {
      "type": "realsense",
      "model": "Intel RealSense D405",
      "id": "N/A"
    }
  },
  "intrinsics": {
    "rgb_cam_0": {
      "camera_matrix": [
        [
          479.69499263354504,
          0.0,
          322.4908633993776
        ],
        [
          0.0,
          485.1934874001624,
          287.1216662842909
        ],
        [
          0.0,
          0.0,
          1.0
        ]
      ],
      "distortion": [
        [
          0.04598456754959897,
          0.23178871043375396,
          -0.003039955116123897,
          0.008498319877567271,
          -0.29039004312973987
        ]
      ],
      "rms_error": 0.12743141695945653,
      "image_size": [
        640,
        480
      ],
      "num_images": 20
    },
    "rgb_cam_1": {
      "camera_matrix": [
        [
          685.8047906928051,
          0.0,
          340.97907855655313
        ],
        [
          0.0,
          707.076227278097,
          263.2730079134555
        ],
        [
          0.0,
          0.0,
          1.0
        ]
      ],
      "distortion": [
        [
          0.053349091024824394,
          -3.8846440237612114,
          -0.02577977700220067,
          -0.0004105321513960521,
          25.07770126673132
        ]
      ],
      "rms_error": 0.1570214840480241,
      "image_size": [
        640,
        480
      ],
      "num_images": 20
    },
    "rgb_cam_3": {
      "camera_matrix": [
        [
          924.1671688567292,
          0.0,
          319.6482157824596
        ],
        [
          0.0,
          965.7668818425196,
          243.30120894620995
        ],
        [
          0.0,
          0.0,
          1.0
        ]
      ],
      "distortion": [
        [
          0.39814048913300465,
          -4.813200659619371,
          -0.0706576909007181,
          0.02694730274684914,
          30.177763397749484
        ]
      ],
      "rms_error": 0.324728706660239,
      "image_size": [
        640,
        480
      ],
      "num_images": 20
    },
    "rs_230322270171": {
      "camera_matrix": [
        [
          387.9974430502775,
          0.0,
          323.02296524527964
        ],
        [
          0.0,
          394.83007912111043,
          220.81967442694037
        ],
        [
          0.0,
          0.0,
          1.0
        ]
      ],
      "distortion": [
        [
          0.1481937124104524,
          -1.2313807468758944,
          -0.0390583595869972,
          0.004435671234580224,
          3.6025865159066246
        ]
      ],
      "rms_error": 0.1779290701539321,
      "image_size": [
        640,
        480
      ],
      "num_images": 20
    }
  },
  "stereo_pairs": {
    "rgb_cam_0_rgb_cam_1": {
      "camera1": "rgb_cam_0",
      "camera2": "rgb_cam_1",
      "rotation_matrix": [
        [
          -0.269835360324437,
          -0.962007081014396,
          0.04160834527763063
        ],
        [
          0.8129335020593452,
          -0.20443659488742438,
          0.5452933154737583
        ],
        [
          -0.5160697622881134,
          0.18096423610480722,
          0.8372120076198704
        ]
      ],
      "translation_vector": [
        [
          -0.10928324428143088
        ],
        [
          -0.20036992985954566
        ],
        [
          0.1776325367749237
        ]
      ],
      "rms_error": 0.16787815605123826,
      "num_images": 20
    },
    "rgb_cam_0_rgb_cam_3": {
      "camera1": "rgb_cam_0",
      "camera2": "rgb_cam_3",
      "rotation_matrix": [
        [
          -0.991103965319785,
          -0.07924152775088938,
          -0.10692852849966422
        ],
        [
          -0.05573214947560476,
          -0.4824861875887456,
          0.8741287126624468
        ],
        [
          -0.120858832702568,
          0.8723117900531798,
          0.47377767306194374
        ]
      ],
      "translation_vector": [
        [
          -0.03795148638478657
        ],
        [
          -0.3563167833271509
        ],
        [
          0.4028981053329988
        ]
      ],
      "rms_error": 0.2713653810616945,
      "num_images": 20
    },
    "rgb_cam_0_rs_230322270171": {
      "camera1": "rgb_cam_0",
      "camera2": "rs_230322270171",
      "rotation_matrix": [
        [
          -0.94709057182338,
          -0.2877697890570813,
          -0.14215483554668906
        ],
        [
          0.08856065130535946,
          -0.6599959176155938,
          0.7460310983941091
        ],
        [
          -0.3085068229450263,
          0.6939696947538799,
          0.6505609909605502
        ]
      ],
      "translation_vector": [
        [
          0.0008627640598137769
        ],
        [
          -0.33980180155421313
        ],
        [
          0.14262357025301556
        ]
      ],
      "rms_error": 0.17873041453767918,
      "num_images": 20
    },
    "rgb_cam_1_rgb_cam_3": {
      "camera1": "rgb_cam_1",
      "camera2": "rgb_cam_3",
      "rotation_matrix": [
        [
          0.33959745587577966,
          -0.847574082814569,
          0.4077888449966966
        ],
        [
          0.5165884038947959,
          0.5303847495291871,
          0.6721818492255565
        ],
        [
          -0.7860088987563214,
          -0.017612257319930102,
          0.6179642541991983
        ]
      ],
      "translation_vector": [
        [
          -0.24326245775514876
        ],
        [
          -0.3129191918446719
        ],
        [
          0.2031607351519972
        ]
      ],
      "rms_error": 0.2744421436390367,
      "num_images": 20
    },
    "rgb_cam_1_rs_230322270171": {
      "camera1": "rgb_cam_1",
      "camera2": "rs_230322270171",
      "rotation_matrix": [
        [
          0.526889392045339,
          -0.7883549405489695,
          0.31762250591248053
        ],
        [
          0.6426631781319846,
          0.6140916375474603,
          0.4581217089023132
        ],
        [
          -0.5562118373635985,
          -0.03725517959035171,
          0.8302050611567606
        ]
      ],
      "translation_vector": [
        [
          -0.15601716134709334
        ],
        [
          -0.22768717505462652
        ],
        [
          -0.07358877732621764
        ]
      ],
      "rms_error": 0.1830174780242529,
      "num_images": 20
    },
    "rgb_cam_3_rs_230322270171": {
      "camera1": "rgb_cam_3",
      "camera2": "rs_230322270171",
      "rotation_matrix": [
        [
          0.9768206023401306,
          0.06768805355149221,
          -0.20307594207654134
        ],
        [
          -0.11522301752154157,
          0.9657889161859969,
          -0.2323261190772748
        ],
        [
          0.18040279121204023,
          0.2503399624084973,
          0.95120173262259
        ]
      ],
      "translation_vector": [
        [
          0.14364966467526136
        ],
        [
          0.09340728554054284
        ],
        [
          -0.14429850093984137
        ]
      ],
      "rms_error": 0.2746812320841767,
      "num_images": 20
    }
  }
}