{
  "timestamp": "2025-05-25T14:36:55.221616",
  "checkerboard_size": [
    7,
    4
  ],
  "square_size": 0.025,
  "cameras": {
    "rgb_cam_0": {
      "type": "rgb",
      "model": "Unknown",
      "id": 0
    },
    "rgb_cam_1": {
      "type": "rgb",
      "model": "Unknown",
      "id": 1
    },
    "rgb_cam_3": {
      "type": "rgb",
      "model": "Unknown",
      "id": 3
    },
    "rs_230322270171": {
      "type": "realsense",
      "model": "Intel RealSense D405",
      "id": "N/A"
    }
  },
  "intrinsics": {
    "rgb_cam_0": {
      "camera_matrix": [
        [
          518.4663743392745,
          0.0,
          329.66563295916666
        ],
        [
          0.0,
          526.1421296021842,
          292.311338767354
        ],
        [
          0.0,
          0.0,
          1.0
        ]
      ],
      "distortion": [
        [
          0.07918234078714023,
          0.10356420091314564,
          -0.005621562186668708,
          0.008543927544689828,
          -0.05391537486178698
        ]
      ],
      "rms_error": 0.1584976877543324,
      "image_size": [
        640,
        480
      ],
      "num_images": 20
    },
    "rgb_cam_1": {
      "camera_matrix": [
        [
          682.0930933948142,
          0.0,
          353.3409442142838
        ],
        [
          0.0,
          692.0290028033681,
          230.58093985703
        ],
        [
          0.0,
          0.0,
          1.0
        ]
      ],
      "distortion": [
        [
          -0.06754375916890887,
          -1.0792342315515935,
          -0.025517327913966714,
          0.005164847744741529,
          18.61203886245457
        ]
      ],
      "rms_error": 0.17006372098621256,
      "image_size": [
        640,
        480
      ],
      "num_images": 20
    },
    "rgb_cam_3": {
      "camera_matrix": [
        [
          947.622455982744,
          0.0,
          317.80919770964596
        ],
        [
          0.0,
          977.2607101599001,
          227.9424807915161
        ],
        [
          0.0,
          0.0,
          1.0
        ]
      ],
      "distortion": [
        [
          0.17558266725454308,
          0.3800187934228474,
          -0.06375344619276953,
          0.02425705533267701,
          -3.938923669019328
        ]
      ],
      "rms_error": 0.3359627664611393,
      "image_size": [
        640,
        480
      ],
      "num_images": 20
    },
    "rs_230322270171": {
      "camera_matrix": [
        [
          309.3642263478475,
          0.0,
          303.9647086180809
        ],
        [
          0.0,
          289.968381706541,
          238.18746214183324
        ],
        [
          0.0,
          0.0,
          1.0
        ]
      ],
      "distortion": [
        [
          -0.050530607772211085,
          0.9890304633943672,
          -0.02463420354992985,
          0.002361285540835648,
          -3.0692102607754945
        ]
      ],
      "rms_error": 0.173188275177284,
      "image_size": [
        640,
        480
      ],
      "num_images": 20
    }
  },
  "stereo_pairs": {
    "rgb_cam_0_rgb_cam_1": {
      "camera1": "rgb_cam_0",
      "camera2": "rgb_cam_1",
      "rotation_matrix": [
        [
          -0.2569696365541999,
          -0.9657297481790208,
          0.0365056073951337
        ],
        [
          0.810583038315507,
          -0.19481041663719728,
          0.5522717080974209
        ],
        [
          -0.52623354500108,
          0.1715078862668619,
          0.8328645154308528
        ]
      ],
      "translation_vector": [
        [
          -0.12045610003320527
        ],
        [
          -0.1949246229980458
        ],
        [
          0.14788058926053002
        ]
      ],
      "rms_error": 0.18963935955590644,
      "num_images": 20
    },
    "rgb_cam_0_rgb_cam_3": {
      "camera1": "rgb_cam_0",
      "camera2": "rgb_cam_3",
      "rotation_matrix": [
        [
          -0.9908299089773632,
          -0.08395113298772389,
          -0.10586925307183222
        ],
        [
          -0.05479323282099572,
          -0.4665698668264415,
          0.8827855124584799
        ],
        [
          -0.12350624726277741,
          0.8804912075879204,
          0.4576914247038414
        ]
      ],
      "translation_vector": [
        [
          -0.03769726459458697
        ],
        [
          -0.37790627836558655
        ],
        [
          0.40787123519784224
        ]
      ],
      "rms_error": 0.2882006117236459,
      "num_images": 20
    },
    "rgb_cam_0_rs_230322270171": {
      "camera1": "rgb_cam_0",
      "camera2": "rs_230322270171",
      "rotation_matrix": [
        [
          -0.9545881540361141,
          -0.26711928739781277,
          -0.1319421936834791
        ],
        [
          0.1228295586849704,
          -0.7563335982255655,
          0.6425514669724319
        ],
        [
          -0.2714302040804955,
          0.5971656173083424,
          0.7547972375529518
        ]
      ],
      "translation_vector": [
        [
          0.014526553044460036
        ],
        [
          -0.34983575748458945
        ],
        [
          0.013151267432963614
        ]
      ],
      "rms_error": 0.19633249584035717,
      "num_images": 20
    },
    "rgb_cam_1_rgb_cam_3": {
      "camera1": "rgb_cam_1",
      "camera2": "rgb_cam_3",
      "rotation_matrix": [
        [
          0.33206580773589756,
          -0.8450582686476665,
          0.4190570628481445
        ],
        [
          0.4977683296770582,
          0.5343625009573888,
          0.6831423040195034
        ],
        [
          -0.8012234328220917,
          -0.01825486676950372,
          0.5980867583687254
        ]
      ],
      "translation_vector": [
        [
          -0.22454829062801454
        ],
        [
          -0.31472822213292595
        ],
        [
          0.2188852141171882
        ]
      ],
      "rms_error": 0.2863483585822313,
      "num_images": 20
    },
    "rgb_cam_1_rs_230322270171": {
      "camera1": "rgb_cam_1",
      "camera2": "rs_230322270171",
      "rotation_matrix": [
        [
          0.4989815000574071,
          -0.7944812867098014,
          0.3461458473944158
        ],
        [
          0.7231333328406322,
          0.6018366674590861,
          0.33892596335562863
        ],
        [
          -0.4775935987167954,
          0.0811918146716755,
          0.8748212638562584
        ]
      ],
      "translation_vector": [
        [
          -0.13135412081130923
        ],
        [
          -0.19509058952483058
        ],
        [
          -0.15860883526142847
        ]
      ],
      "rms_error": 0.1898050201485825,
      "num_images": 20
    },
    "rgb_cam_3_rs_230322270171": {
      "camera1": "rgb_cam_3",
      "camera2": "rs_230322270171",
      "rotation_matrix": [
        [
          0.9823183738016359,
          0.06076000708210144,
          -0.17708425686969587
        ],
        [
          -0.12627119119084854,
          0.9133672933589981,
          -0.38706042641595634
        ],
        [
          0.13822517414332897,
          0.40257720869597274,
          0.9048897127670341
        ]
      ],
      "translation_vector": [
        [
          0.14655661173883994
        ],
        [
          0.14839378753211913
        ],
        [
          -0.198536211493242
        ]
      ],
      "rms_error": 0.2805063329167407,
      "num_images": 20
    }
  }
}